10
938  4389  1106  2006  753  4496  9654  3463  2098  5167  50
50
3943  1111  3445  9764  5298  3709  2470  9152  4143  4444  8830  30  8831  7710  5773  7210  9681  764  3077  48  9296  8041  5558  6222  3629  5567  3154  7419  6388  7697  3644  8513  5998  4815  3681  7589  9426  3656  3843  6264  7864  9338  3134  6101  444  2645  6857  3611  7803  6621  100
100
9963  7909  8814  6926  696  4373  992  6698  774  5167  269  4222  1808  5105  2792  7555  4022  7265  6441  560  6303  2350  386  7468  8812  8408  7997  7265  4554  140  500  9388  3796  712  60  3105  6515  5309  4446  2828  4275  1345  3779  4994  899  4036  4748  3526  6024  5259  2588  7687  2542  5912  1506  1606  6797  3995  7318  7558  1075  2833  6159  1692  2116  9355  6303  8214  7595  6602  6652  2200  220  6469  9516  5585  3368  7421  2700  3900  8011  8296  1629  6930  437  3849  1564  8701  5011  6785  4156  8200  9305  7551  1473  3650  8623  4979  284  929  200
200
4709  7696  7870  8403  4660  7647  4475  207  3075  9984  9533  3546  2354  9164  1298  2118  4887  2310  3811  389  9891  9071  8145  7707  2063  9257  8894  1345  4328  7699  9862  7382  7652  884  9080  2192  1889  4499  9092  6096  4185  1602  8035  372  5075  5722  958  9157  6088  546  1228  7937  3168  4489  3387  2227  5082  1395  2170  5326  181  7009  9568  5545  2589  7960  9645  1364  3573  7476  3932  1224  5501  7206  2209  189  2416  728  6901  8485  653  8529  8538  7093  9008  787  285  5204  1869  5554  4360  9052  152  9055  2336  4718  579  9795  6626  9810  2245  2295  2069  9612  9492  3424  3052  6905  3263  5800  7915  568  6458  2983  2450  7622  8166  8673  7643  4738  3228  4872  2172  880  3222  6530  1594  9929  1435  6038  266  1919  5173  6896  7365  7950  2289  7988  6839  8237  8658  6207  1188  1012  3857  2713  8856  856  9926  4102  617  7762  5020  2331  1964  7070  5700  2734  5552  366  1464  7879  6667  4270  697  8035  3839  5491  3784  6695  4232  1341  6222  2497  1188  9660  9817  7753  5424  4510  4579  1111  5275  22  6928  7247  4634  2792  7844  2711  3496  2849  6670  6345  6630  2676  4133  9587  2694  8767  300
300
1406  3260  128  1132  9783  2001  5360  8355  2995  5934  8573  7533  4626  6328  3478  8419  412  1238  7722  7813  2843  2336  6148  8390  2418  1760  5346  5701  1549  9542  9633  4167  5878  2135  3398  7711  4977  6373  9963  3647  4325  5273  7604  3976  9224  8621  6253  1854  3077  8758  5458  6519  781  703  8986  2850  1383  1585  1  4340  9461  7758  4273  4397  9717  7869  1004  5529  752  7103  9081  9907  2323  9072  3208  4068  1943  297  5731  8889  463  3442  7892  5330  5085  9638  1389  6215  3378  1167  120  885  3345  4303  9995  2806  9470  1888  119  8959  7912  7076  9310  9283  8351  2246  9486  8084  7188  2625  8158  5001  3309  4559  1508  3643  7617  8281  2385  442  6166  5582  4890  8669  3828  319  8468  3479  7173  2311  7466  8660  860  1047  6670  8418  7568  1551  346  5533  4515  3849  1938  2867  6707  8208  808  3910  7052  8446  9530  512  7335  6274  9564  8976  9940  3104  2830  6354  2719  7523  9355  3405  8018  5806  5549  6470  7111  7616  5759  4434  4312  5045  401  9529  6741  5097  546  3366  1441  567  4381  3099  5274  1488  6146  9777  7331  4680  7455  3661  975  1722  699  3774  156  6427  8928  6370  8090  9228  5234  8616  439  361  9488  2145  5240  1310  9638  1376  9478  5721  3804  5760  7554  4203  5855  5413  3430  3624  2586  426  1578  4479  2033  2937  6464  5987  6169  8202  5757  7671  71  2403  1524  8744  3924  4125  3776  1876  4090  1127  6877  6600  7885  1028  1124  6567  5064  671  2289  391  2979  9951  8883  246  2799  3909  9344  6778  3854  418  8066  1301  8370  6022  7458  2759  3712  5395  495  3677  6047  7760  523  6312  963  73  7331  2777  7345  6756  7993  3192  4943  2414  2959  131  7226  3060  4369  3091  8770  6814  544  299  4358  8405  400
400
9959  2538  887  3045  9724  480  9180  974  5028  6012  9266  3988  1331  3988  1950  3543  2480  6414  4672  333  2369  5499  6357  8218  2487  6452  9353  6754  3176  9900  5751  2597  9141  8581  2128  1513  4392  7982  3827  1238  4349  7786  4382  2874  5385  6956  9218  5485  43  7854  7820  7966  9885  6417  8197  2092  7382  7951  8344  3042  1856  28  971  8426  6178  6171  7964  3154  9481  4637  233  9659  3928  3652  3324  6190  9496  1189  2289  9209  9757  9292  2934  7703  6344  9353  1310  7566  626  8441  4017  6562  7260  8000  4516  7911  8192  5809  2320  227  51  3568  4386  5922  6137  6046  4430  3491  4741  7124  9649  304  3900  8716  3426  267  8373  1480  995  3859  3743  9349  9802  8694  3679  6810  9238  6048  5588  9851  7841  9042  4873  2827  5457  7182  2598  9022  1754  3039  9603  3628  8308  9093  6875  4945  7188  2845  2376  9633  4457  9024  5361  8777  9766  2258  7181  1777  6903  3386  3506  8813  8833  8210  63  7699  443  3268  5202  7398  8803  2420  4407  177  1470  2765  4717  4720  1904  9283  7926  4120  8548  2360  7036  1863  6136  2938  5611  3830  7529  3161  9358  1995  8934  950  9257  5930  8643  3655  4144  8268  2653  7048  8627  1192  613  1083  6872  2317  2474  3600  115  1778  23  6000  6995  9012  5399  178  4956  6575  8656  6576  2604  6952  1107  6916  1084  6775  4158  1692  3590  4226  4716  4446  8318  3155  8267  2100  1374  5276  1559  5576  5777  6449  1207  875  7020  7572  1012  5854  4164  8111  7170  9812  608  5993  476  1711  7644  3899  3760  6135  6230  4364  2692  7225  7225  8361  6164  6044  7716  4288  8586  2367  7863  7899  6408  9150  4537  8667  3764  4179  9848  7562  4689  4712  5918  5986  8550  3227  4876  9404  3597  2507  8310  640  2010  7263  9786  6155  3269  3670  8526  4863  807  1369  966  36  1725  9276  6911  1132  1452  8435  2139  1908  9041  9441  4089  727  6755  140  8528  8877  6808  8253  584  7408  2912  451  2405  3391  1746  1846  6225  4907  7538  1689  8532  4734  3979  3738  3778  7772  782  7315  5970  5634  4839  9042  2935  267  3001  3702  3773  4034  6326  416  5409  7281  2572  7241  5789  6968  3759  8322  383  313  5503  1589  6756  4975  4790  3195  6038  3311  4960  6072  5264  2439  4727  7856  5962  4564  2267  9805  3126  5455  346  6168  8821  2039  3665  3636  9094  1114  4575  2651  500
500
1820  5772  5474  8048  1099  4522  9185  2372  3711  7497  3493  5508  3498  6248  8661  6431  2776  2324  5628  3397  9903  1961  5817  9514  1320  8790  8915  7162  7829  2985  2599  7255  8222  9818  8256  5006  5724  7860  3953  3160  705  6125  386  380  5282  6039  2228  9346  2595  4991  4131  6002  9037  8323  4471  8138  5662  2257  1287  2334  7341  2186  2187  9226  3096  2389  8315  211  9324  2080  9578  540  9136  4513  4553  7397  7151  2682  169  1997  2160  8763  3921  7352  3427  7730  2407  1019  3227  9485  5423  4756  6290  1312  9870  4967  5998  6626  5817  2499  2926  5378  1103  4644  7856  1719  6863  8161  3827  4180  8936  7477  1219  4442  3531  8235  358  3528  5871  4178  5634  1614  2161  4720  7593  4063  3109  5587  6227  4133  4541  9442  438  7502  2453  4819  660  740  8457  8886  1938  6570  9044  7006  2400  3442  8646  1231  5337  6667  9632  3794  2233  2664  1455  6726  2998  7084  5411  3233  8732  817  9147  21  9289  1401  7919  8077  5874  5803  7450  2342  976  4047  5522  331  4203  3509  1844  776  4113  5118  4273  8272  5410  8910  1215  9322  6891  8426  8445  5606  6062  4316  9960  6846  6634  4117  1699  231  1964  6706  5158  2119  8050  7575  8149  624  4600  599  3483  9226  2113  7110  7012  2143  3795  1750  8068  7344  9279  9869  1335  8581  7243  232  9110  5986  2014  1464  5411  5317  2776  5531  5297  4523  7307  5430  7090  1234  5178  3182  2958  3321  3949  5526  6029  8100  1390  210  3218  3532  1507  3034  8965  6067  7176  9146  2315  3637  4632  9366  1907  2986  8792  8651  3519  4552  7488  337  4669  3285  2119  5388  4754  1930  5754  6114  9154  3571  1768  5063  5646  7010  7645  8403  9098  804  8361  7717  4713  523  6141  1682  8008  1483  7073  2054  8165  4096  628  426  1594  1356  7841  9894  1225  4319  9339  1326  9685  9071  2917  2712  394  1271  6721  4622  6747  7803  8674  1503  9638  6665  2639  9168  7046  5067  2631  3711  6757  6105  9836  440  5804  8380  302  592  3816  8765  2965  6207  5771  3804  7017  4203  8796  4429  8849  2463  2891  4140  535  2938  5093  6577  421  4100  3169  2303  2254  7515  8309  8150  4443  4860  7400  6728  256  1342  1956  9801  7450  856  7735  335  4520  2242  8247  9801  3987  7176  1263  6924  9772  1723  8571  8616  4448  5090  5452  7978  4234  3311  5016  1003  5301  6828  3617  6629  764  8979  3088  4981  8897  8461  2606  1915  2342  6994  6751  8879  923  239  6779  2079  5876  5094  7818  979  2470  2975  940  481  5007  8492  578  2283  975  9803  8940  6310  9126  7940  1200  294  6876  6386  8483  9830  823  1647  9592  7331  4428  1111  7443  4136  6421  4015  2648  5492  8219  8782  324  7271  1824  2057  4391  5804  1372  6893  669  6768  2947  9141  7560  9553  3567  4588  6924  5281  7502  8636  9142  570  7114  7573  1674  4011  1233  3849  1751  1841  9298  2772  6201  5809  2339  8457  4123  7873  1457  7527  1511  9078  1332  9530  4412  9720  1000
1000
1326  8030  9755  226  5201  111  6670  3414  8634  7019  6276  1437  2366  1897  9741  2156  6047  7315  7487  818  7387  5663  6867  8478  1329  7068  3039  9981  224  4135  3585  9409  2830  5484  260  2877  8674  5530  930  2844  9455  3503  1591  8210  8414  2931  8125  9691  4151  849  1945  9711  8923  9392  9618  1063  9216  8496  5225  3785  1914  5007  8057  3182  8835  2331  6093  5797  6519  7026  648  4849  3870  7621  4709  9613  4758  3611  2171  4336  3629  1202  5820  9755  5752  3424  8331  6496  8131  5143  6024  5116  9638  1031  3978  5509  1216  686  3848  7599  8002  5546  4595  2599  5818  5791  9747  1251  7082  9236  636  9393  7109  2696  9692  8939  1574  1490  4548  3612  7197  9142  2449  4349  8247  5443  3751  392  3625  1641  8889  3838  9608  8536  3799  1428  4760  5091  5364  3111  814  4916  2322  1536  2596  6153  7789  339  6362  2556  2225  433  9347  3632  744  3998  6179  5031  2276  3485  1074  5904  2373  2199  4877  6382  8648  6074  8010  6532  7453  1870  2214  8253  1043  2163  110  6440  6354  3830  3702  2128  3204  4658  5576  3385  2641  9555  8092  6358  9797  9879  6192  6296  1760  9709  2885  529  8939  8255  7719  2135  6370  6651  3366  1732  7282  7212  6469  5625  5343  4953  3231  6147  1138  3891  1921  6614  719  3058  695  1653  9663  4249  9943  1604  9342  6133  964  3061  1650  5685  7008  9502  278  4915  3410  1340  2035  7553  5711  8145  1066  6527  1736  1848  1088  3385  2048  5881  3494  9324  8297  904  9044  8697  1594  6760  1554  3730  7006  653  3427  6018  8059  1135  7502  41  3806  3819  3578  677  7648  7107  389  3900  5831  1077  2289  7974  8924  1273  5836  5879  9652  9971  106  8218  1517  4249  9009  5209  9655  9999  3489  6696  172  6654  1470  7970  4173  6627  8299  6348  3947  8963  3877  2821  4111  8812  3897  8015  6678  4423  9363  2711  77  3962  4948  351  3108  9386  6494  3454  2546  8541  4080  8781  2598  9757  4537  7554  9589  185  2698  4633  2356  4725  7101  5534  7235  1442  6476  3032  6148  1161  2511  3951  1208  4864  7350  9630  4837  6575  4511  260  1973  2092  276  5876  1005  7282  3588  2540  7512  5408  2972  2482  5616  6846  9810  3146  329  3899  9294  1253  8602  9602  8821  8580  5080  6202  3012  5386  2353  8620  8069  2383  4946  9648  5697  9728  4934  9216  866  1860  6171  942  4004  8906  402  4529  4216  9870  9523  1947  4307  2266  9739  4022  2185  3737  3155  6540  3634  4359  3438  5254  679  2132  2446  5900  3804  6343  9956  2699  3753  9791  1634  5685  534  6949  8255  8227  5730  6237  950  6037  416  7452  4459  9849  6671  19  3308  6362  3269  3833  9359  944  8295  2311  8606  8245  2391  7948  8939  6168  5435  4289  7281  4538  3958  1559  2890  7158  933  3244  4695  9502  7112  1645  9199  1472  4250  5605  4470  5559  1215  2404  6361  286  3994  1371  2244  7967  1912  4403  6128  8170  8860  6269  8316  1329  6024  6948  311  4256  7172  4655  4840  2778  4879  6226  6922  5758  6975  5076  5591  7129  3542  7628  9919  661  8835  8324  9061  8494  2402  2480  454  4693  770  9640  2327  6846  5328  8096  27  8596  5621  1048  3662  3853  393  4384  2256  408  5426  5428  481  6882  4797  3061  5477  9895  3575  8679  6869  2422  5177  7159  6130  7518  6302  7813  1238  9332  2467  4319  8937  8903  9738  6622  9085  2858  1994  4153  8598  8704  534  1111  2393  183  2808  2179  6544  2954  1034  6616  2552  2906  4897  2683  711  7304  9095  1912  6605  1161  7299  757  5382  2779  6247  2323  6280  2887  4678  6338  3344  2748  8160  868  835  5771  5691  5466  4676  2690  256  9946  1121  7472  991  9282  8554  7831  9247  1687  8063  7023  4614  6518  9637  2422  8690  7963  8069  486  4418  208  9680  7807  8803  6413  1763  2020  6283  9662  3171  1506  8620  8610  966  7945  2149  4111  8094  8623  8539  1891  2418  2762  2031  1430  9034  8764  3612  3499  8519  6844  928  8661  9340  1374  1829  1974  1901  2852  4314  4771  6307  6141  4802  7715  8618  5644  7481  7046  5591  5893  7295  435  2360  320  4546  4169  2234  7631  9340  231  7105  540  1782  6583  5432  5100  3191  8260  9957  8112  6958  8765  5112  7018  5096  9650  4992  1612  734  9755  9738  3755  7422  7400  6519  8851  2948  2643  2712  5157  4548  9282  4313  1804  6727  2312  823  9805  2016  9291  207  9003  8874  864  1253  1514  6112  3442  4925  8588  1176  5970  7450  3768  6285  9481  7505  5480  4535  216  1401  6145  361  5408  1441  6574  7815  5006  5661  4181  4450  5422  3919  5147  2514  7104  3822  4771  9087  2248  3590  9921  8363  5039  9579  7437  4047  824  5755  5875  3937  4189  7600  9928  5087  4567  4558  3015  9866  4299  2335  6441  7186  2754  3960  5890  2394  834  6248  4168  1256  4440  5261  895  4635  327  1330  4352  9017  105  1369  7288  820  1060  9041  4588  2345  5864  5364  3243  3909  3029  4976  6267  3795  3450  80  533  9622  5496  5030  6861  7200  2005  3559  2666  9613  4540  3667  2340  5647  6721  3631  4939  1350  8642  2113  9491  76  1737  3495  6557  1898  2255  5461  5938  3435  6907  9129  7272  3227  8695  7661  4775  7259  659  3096  9429  5940  2611  4833  4189  9589  6979  4753  8159  8298  5771  5699  897  5643  6286  9387  2482  2655  4876  9489  3503  6827  7240  2313  8351  796  2195  7087  633  9436  9975  836  3605  9043  7856  6384  3696  1758  6580  1427  9065  7733  6164  8828  9400  1819  7114  5876  7198  8951  4258  7272  6216  8394  7158  8322  5821  1196  7793  6995  631  3912  9813  6031  5326  2608  279  4052  9088  1342  8504  3304  7213  1529  4463  3823  1406  752  3698  1174  8709  5942  9556  2543  2240  2826  3560  6201  4327  513  5347  6459  1797  4691  416  9996  8868  5231  4509  6642  4017  7691  962  1990  2318  8348  9138  4080  3366  5982  6425  8821  1883  6160  1590  7929  9899  8752  4115  1394  8145  8990  5055  6363  1400  8320  4220  5281  3387  3858  7988  